1905001
1905002
1905003
1905004
1905006
1905007
1905008
1905009
1905010
1905011
1905012
1905013
1905014
1905015
1905016
1905017
1905018
1905019
1905020
1905023
1905024
1905027
1905029
1905030
1905031
1905032
1905033
1905034
1905035
1905037
1905038
1905039
1905041
1905042
1905043
1905044
1905045
1905047
1905049
1905051
1905053
1905054
1905055
1905056
1905057
1905060
1905061
1905062
1905063
1905064
1905068
1905070
1905071
1905072
1905073
1905074
1905075
1905076
1905077
1905078
1905079
1905080
1905083
1905087
1905088
1905089
1905090
1905091
1905092
1905094
1905096
1905097
1905099
1905102
1905103
1905104
1905105
1905106
1905108
1905109
1905110
1905111
1905112
1905113
1905115
1905116
1905118
1905119
1905120
1905121
2005207
2005209
2005210
2005211
